3.73831444432773,3.01872157367155,2.42367627233986,1.94308448628704,1.5668521614675,1.28488524383564,1.08708967934586,0.963371413952543,0.903636393610096,0.897790564272917,0.935739871895401,1.00739026243195,1.10264768183695,1.21141807606482,1.32360739106993,1.4291215728067,1.51786656722952,1.57974832029279,1.6046727779509,1.58254588615825,1.50327359086925
2.8692562727806,2.21361163816538,1.67914803282321,1.25577140270847,0.933387693775555,0.701902851978873,0.551222823272819,0.471253553611788,0.45190098895018,0.483071075242391,0.55466975844282,0.656602984505863,0.778776699385918,0.911096849037384,1.04346937941466,1.16580023647214,1.26799536616422,1.3399607144453,1.37160222726978,1.35282585059205,1.27353753036652
2.12470299930151,1.52964174781537,1.05239498555082,0.682868658462249,0.410968712504068,0.226601093630669,0.11967174779645,0.0800866209558087,0.097751659063142,0.162572808072848,0.264456013939324,0.393307222616969,0.539032380060178,0.691537432223351,0.840728325060884,0.976511004527176,1.08879141657662,1.16747550716362,1.20246922224258,1.18367850776788,1.10100930969392
1.49455550867927,0.956712787410297,0.533318015311472,0.214277138337187,-0.0105038975581604,-0.151119146420172,-0.217662662294452,-0.220228499226601,-0.168910711262222,-0.0738033524469168,0.0549995231737114,0.20740386155406,0.373315608648528,0.542640710411512,0.705285112797409,0.851154761760618,0.970155603255536,1.05219358323656,1.08717464765809,1.06500474247452,0.975589813640248
0.96871468570266,0.48472564173897,0.111818006893976,-0.160102272877924,-0.341129251622334,-0.441356983384856,-0.470879522211092,-0.439790922146644,-0.358185237237115,-0.236156521528107,-0.0837988290652229,0.0887937861059352,0.271527269939765,0.454307568390664,0.627040627413029,0.779632392961259,0.901988810989751,0.984015827452902,1.01561938830511,0.986705439500774,0.88717992699429
0.53708141516049,0.103581195590183,-0.222204154912875,-0.450368690394287,-0.591006464899656,-0.654211532474583,-0.650077947164671,-0.588699763015522,-0.48017103407274,-0.334585814381925,-0.162038157988681,0.0273778810613898,0.223568248722686,0.416438890949603,0.595895753696541,0.751844782917896,0.874191924568066,0.952843124601449,0.977704328972442,0.938681483635442,0.825680534544849
0.189556581841553,-0.196819666247268,-0.478847585320287,-0.666621229423107,-0.770234652601329,-0.799781908900558,-0.765357052366394,-0.677054137044441,-0.5449672169803,-0.379190346219575,-0.189817578807867,0.0130570312092209,0.219339429786087,0.418935562877127,0.601751376436741,0.757692816419325,0.876665828779278,0.948576359470996,0.963330354448877,0.910833759667319,0.78099252108072
-0.0839589294653553,-0.426576058984586,-0.668211399539461,-0.818959005175585,-0.888912929938558,-0.888167227873984,-0.826815953027464,-0.714953159444602,-0.562672901171,-0.38006923225226,-0.177236206733984,0.035732121338225,0.248741697918765,0.451698468962033,0.634508380422427,0.787077378254344,0.899311408412182,0.96111641685034,0.962398349523213,0.893063152385201,0.7430167713907
-0.293564233971437,-0.595787097832974,-0.800394712781602,-0.917481132862924,-0.957140412122544,-0.929466604606063,-0.844553764359084,-0.71249594542721,-0.543387201856042,-0.347321587691182,-0.134393156978235,0.085304036237199,0.301675937909517,0.504628493993116,0.684067650442394,0.829899353211748,0.932029548255577,0.980364181528278,0.964809198984248,0.875270546577884,0.701654170263586
-0.449358446887898,-0.714551898003635,-0.885496640257912,-0.97228672769633,-0.985016214364492,-0.933779154308001,-0.828669601572458,-0.679781610203467,-0.497209234246629,-0.291046527747547,-0.0713875447518234,0.151673660694939,0.368043034547139,0.567626522759173,0.740330071285439,0.876059626080335,0.964721133098258,0.996220538293606,0.960463787620776,0.847356827034166,0.646805602488174
-0.561440683425938,-0.792969574707774,-0.933616297179595,-0.993474904887005,-0.982639451875605,-0.911203992190999,-0.789262579878789,-0.626909268984577,-0.434238113553965,-0.221343167632556,0.00168151473404727,0.224741879500243,0.437743872620429,0.630593440049002,0.79319652774036,0.915459081648901,0.987287047729022,0.998586371935121,0.939263000221596,0.799222878542844,0.568371952853262
-0.639910058796763,-0.841139243156592,-0.954852798757854,-0.991144779646151,-0.960109239867086,-0.871840233466261,-0.73643181448928,-0.563978036981743,-0.364572954989253,-0.148310622557414,0.0747149062681737,0.294409577441906,0.500679336918182,0.683430130651398,0.832567904595953,0.937998604706243,0.989628176936666,0.977362567241621,0.891107721575504,0.720769585892713,0.456254106147645
-0.694865688211576,-0.869160018561294,-0.959305260203893,-0.975395467184973,-0.927524693550139,-0.825786993344992,-0.680276420615134,-0.501087029406168,-0.298312873763697,-0.0820480077333225,0.137613514639353,0.350577639308726,0.546750312229196,0.716037479355159,0.848345086641014,0.933579080041157,0.961645405509987,0.9224500090019,0.805898836471296,0.60189783387257,0.300352947160121
-0.73640668688158,-0.887131016133084,-0.957072796728914,-0.956326082714674,-0.894984928135966,-0.783143387038392,-0.630895513467555,-0.448335361469057,-0.2455569850885,-0.0326544383714863,0.180278224636381,0.383146949889499,0.565857683342267,0.718316370949081,0.83042895866434,0.892101392442441,0.89323961823778,0.823749582004757,0.673537229697769,0.432508507271213,0.0905693606794862
-0.774632170017977,-0.905151351083163,-0.958254523544122,-0.944035741446458,-0.872589058835772,-0.754008529757667,-0.598388208257746,-0.415822148381611,-0.216404404174864,-0.0102290296831081,0.192609921048055,0.382018393973022,0.547902335046192,0.680167690221961,0.768720405454728,0.80346642669889,0.774311699908844,0.671162171038988,0.48392378604372,0.202502490877438,-0.183195768505463
-0.819641252831972,-0.933320138622735,-0.972949555860719,-0.948623558591526,-0.870436200860759,-0.74848153671402,-0.592853620196911,-0.413646505355035,-0.220954246233994,-0.0248708968793916,0.164509488663171,0.337092856348092,0.482785152129768,0.591492321962596,0.653120311800975,0.657575067599302,0.594762535311974,0.454588660893389,0.226959390297946,-0.0982193305199592,-0.531041555605929
-0.881533050534768,-0.981736493963004,-1.01125700888991,-0.980188649361084,-0.898625469422131,-0.776661523118653,-0.624390864496253,-0.451907547600532,-0.269305626477093,-0.0866791551715397,0.0858778122705272,0.238271221803505,0.36040701938179,0.442191150959782,0.473529562491877,0.444328199932473,0.344493009235967,0.163929936356758,-0.107455072750757,-0.479756072132181,-0.963067115833116
-0.970406678337568,-1.06049953231517,-1.08327599784289,-1.04883012896633,-0.96725597973109,-0.84864760418277,-0.703099056366974,-0.540704390329305,-0.371557660115365,-0.205752919770756,-0.0533842233410813,0.0754543751280571,0.170668821591057,0.222165062002315,0.21984904231623,0.153626708487199,0.0134040064696204,-0.21091311778211,-0.529418718313593,-0.952206849170431,-1.48937156439823
-1.09636125145157,-1.17970836889045,-1.19910563793088,-1.16464711261848,-1.08642684699884,-0.974538895117575,-0.839077311020279,-0.690136148752557,-0.537809462360011,-0.392191305888244,-0.263375733382857,-0.161456798889454,-0.0965285564536358,-0.0786850601210063,-0.118020363937167,-0.224628521947721,-0.40860358819827,-0.680039616734416,-1.04903066160176,-1.52567077684591,-2.12005401651247
-1.26949588508799,-1.34946211890003,-1.36884504436507,-1.33773871552872,-1.26623718643659,-1.16443451113427,-1.04242474366737,-0.910301938081492,-0.778160148422236,-0.656093428735206,-0.554195833066003,-0.482561415460231,-0.451284229963491,-0.470458330621386,-0.550177771479519,-0.700536606583491,-0.931628889978906,-1.25354867571137,-1.67639001782647,-2.21024697036983,-2.86521358738703
-1.49990969445803,-1.57985989755512,-1.60259333235666,-1.57820405290827,-1.51678611325553,-1.42843356744406,-1.32324046951945,-1.21130087352731,-1.10270883351324,-1.00755840352285,-0.935943637601724,-0.897958589795479,-0.903697314149713,-0.963253864710029,-1.08672229552203,-1.28419666063132,-1.56577101408349,-1.94153940992416,-2.42159590219892,-3.01603454495338,-3.73494939223314
